function u=v1(V)
u=0.*(V<=400)+(0.005*V-2).*(V>400 & V<=600)+1.*(V>600 & V<=1000);
end